5 45 987 12 98 46 7 92 33 55 
5 45 987 12 98 46 7 92 33 55 
5 45 12 987 98 46 7 92 33 55 
5 45 12 98 987 46 7 92 33 55 
5 45 12 98 46 987 7 92 33 55 
5 45 12 98 46 7 987 92 33 55 
5 45 12 98 46 7 92 987 33 55 
5 45 12 98 46 7 92 33 987 55 
5 45 12 98 46 7 92 33 55 987 
5 45 12 98 46 7 92 33 55 987 
5 12 45 98 46 7 92 33 55 987 
5 12 45 98 46 7 92 33 55 987 
5 12 45 46 98 7 92 33 55 987 
5 12 45 46 7 98 92 33 55 987 
5 12 45 46 7 92 98 33 55 987 
5 12 45 46 7 92 33 98 55 987 
5 12 45 46 7 92 33 55 98 987 
5 12 45 46 7 92 33 55 98 987 
5 12 45 46 7 92 33 55 98 987 
5 12 45 46 7 92 33 55 98 987 
5 12 45 7 46 92 33 55 98 987 
5 12 45 7 46 92 33 55 98 987 
5 12 45 7 46 33 92 55 98 987 
5 12 45 7 46 33 55 92 98 987 
5 12 45 7 46 33 55 92 98 987 
5 12 45 7 46 33 55 92 98 987 
5 12 7 45 46 33 55 92 98 987 
5 12 7 45 46 33 55 92 98 987 
5 12 7 45 33 46 55 92 98 987 
5 12 7 45 33 46 55 92 98 987 
5 12 7 45 33 46 55 92 98 987 
5 7 12 45 33 46 55 92 98 987 
5 7 12 45 33 46 55 92 98 987 
5 7 12 33 45 46 55 92 98 987 
5 7 12 33 45 46 55 92 98 987 
5 7 12 33 45 46 55 92 98 987 
5 7 12 33 45 46 55 92 98 987 
5 7 12 33 45 46 55 92 98 987 
5 7 12 33 45 46 55 92 98 987 
5 7 12 33 45 46 55 92 98 987 
5 7 12 33 45 46 55 92 98 987 
5 7 12 33 45 46 55 92 98 987 
5 7 12 33 45 46 55 92 98 987 
5 7 12 33 45 46 55 92 98 987 
5 7 12 33 45 46 55 92 98 987 
5 45 987 12 98 46 7 92 33 55 
5 45 987 12 98 46 7 92 33 55 
5 45 12 987 98 46 7 92 33 55 
5 45 12 98 987 46 7 92 33 55 
5 45 12 98 46 987 7 92 33 55 
5 45 12 98 46 7 987 92 33 55 
5 45 12 98 46 7 92 987 33 55 
5 45 12 98 46 7 92 33 987 55 
5 45 12 98 46 7 92 33 55 987 
5 45 12 98 46 7 92 33 55 987 
5 12 45 98 46 7 92 33 55 987 
5 12 45 98 46 7 92 33 55 987 
5 12 45 46 98 7 92 33 55 987 
5 12 45 46 7 98 92 33 55 987 
5 12 45 46 7 92 98 33 55 987 
5 12 45 46 7 92 33 98 55 987 
5 12 45 46 7 92 33 55 98 987 
5 12 45 46 7 92 33 55 98 987 
5 12 45 46 7 92 33 55 98 987 
5 12 45 46 7 92 33 55 98 987 
5 12 45 7 46 92 33 55 98 987 
5 12 45 7 46 92 33 55 98 987 
5 12 45 7 46 33 92 55 98 987 
5 12 45 7 46 33 55 92 98 987 
5 12 45 7 46 33 55 92 98 987 
5 12 45 7 46 33 55 92 98 987 
5 12 7 45 46 33 55 92 98 987 
5 12 7 45 46 33 55 92 98 987 
5 12 7 45 33 46 55 92 98 987 
5 12 7 45 33 46 55 92 98 987 
5 12 7 45 33 46 55 92 98 987 
5 7 12 45 33 46 55 92 98 987 
5 7 12 45 33 46 55 92 98 987 
5 7 12 33 45 46 55 92 98 987 
5 7 12 33 45 46 55 92 98 987 
5 7 12 33 45 46 55 92 98 987 
5 7 12 33 45 46 55 92 98 987 
5 7 12 33 45 46 55 92 98 987 
5 7 12 33 45 46 55 92 98 987 
5 7 12 33 45 46 55 92 98 987 
5 7 12 33 45 46 55 92 98 987 
5 7 12 33 45 46 55 92 98 987 
5 7 12 33 45 46 55 92 98 987 
5 7 12 33 45 46 55 92 98 987 
5 7 12 33 45 46 55 92 98 987 
